[gd_scene load_steps=3 format=2]

[ext_resource path="res://characters/cac-1654128230121.gltf" type="PackedScene" id=1]
[ext_resource path="res://scenes/EnemyMesh1.gd" type="Script" id=2]

[node name="EnemyMesh1" instance=ExtResource( 1 )]
transform = Transform( -0.01, 0, 8.74228e-10, 0, 0.01, 0, -8.74228e-10, 0, -0.01, 0, 0, 0 )
script = ExtResource( 2 )

[node name="BoneAttachment" parent="Node2/Skeleton" index="0"]
transform = Transform( -0.0706591, -0.996141, -0.052068, -0.0241725, -0.0504733, 0.998433, -0.997208, 0.0718068, -0.0205129, -26.9792, 1.06086, -19.2654 )

[node name="BoneAttachment2" parent="Node2/Skeleton" index="1"]
transform = Transform( 0.746558, -0.25937, -0.612681, 0.0999318, 0.954149, -0.282158, 0.657772, 0.149421, 0.738247, -2.03611, 148.927, -1.35775 )

[node name="BoneAttachment3" parent="Node2/Skeleton" index="2"]
transform = Transform( -0.795896, -0.278083, 0.537791, 0.5585, 0.00568996, 0.829485, -0.233725, 0.96054, 0.150781, -14.4526, 116.991, 42.1276 )

[node name="BoneAttachment4" parent="Node2/Skeleton" index="3"]
transform = Transform( -0.508661, -0.0628833, 0.858667, 0.10822, 0.98475, 0.136225, -0.854139, 0.162217, -0.494098, -21.2069, 117.111, 43.9635 )

[node name="BoneAttachment5" parent="Node2/Skeleton" index="4"]
transform = Transform( -0.526856, 0.361353, 0.769315, 0.0287747, 0.91219, -0.408756, -0.849467, -0.193219, -0.490991, -22.39, 118.251, 41.7935 )

[node name="BoneAttachment6" parent="Node2/Skeleton" index="5"]
transform = Transform( -0.554542, 0.487607, 0.674331, 0.0402465, 0.82511, -0.563538, -0.831182, -0.285366, -0.477182, -22.0205, 118.322, 39.2392 )

[node name="BoneAttachment7" parent="Node2/Skeleton" index="6"]
transform = Transform( -0.375276, 0.272469, 0.885962, 0.359397, 0.923819, -0.131878, -0.854401, 0.268922, -0.444611, -22.7356, 117.814, 37.552 )

[node name="BoneAttachment8" parent="Node2/Skeleton" index="7"]
transform = Transform( 0.208411, 0.0565024, 0.976408, 0.974095, 0.0775949, -0.212408, -0.0877659, 0.995382, -0.0388671, -20.0161, 117.801, 11.3763 )

[node name="BoneAttachment9" parent="Node2/Skeleton" index="8"]
transform = Transform( -0.137032, 0.809652, 0.570688, 0.980953, 0.190989, -0.0354186, -0.137672, 0.554965, -0.820402, -22.3414, 118.283, 19.1241 )

[node name="BoneAttachment10" parent="Node2/Skeleton" index="9"]
transform = Transform( 0.0863937, 0.00460964, -0.996251, 0.99, -0.112329, 0.0853317, -0.111514, -0.99366, -0.0142681, -20.1762, 114.566, 16.4422 )

[node name="BoneAttachment11" parent="Node2/Skeleton" index="10"]
transform = Transform( -0.188594, -0.479371, -0.857108, 0.971871, -0.216468, -0.0927778, -0.141062, -0.850497, 0.506712, -20.3539, 113.123, 15.4569 )

[node name="BoneAttachment12" parent="Node2/Skeleton" index="11"]
transform = Transform( -0.265369, -0.0519638, -0.962745, 0.957681, -0.129656, -0.256975, -0.111473, -0.990196, 0.0841716, -20.3628, 111.142, 15.9173 )

[node name="BoneAttachment13" parent="Node2/Skeleton" index="12"]
transform = Transform( -0.965343, -0.260741, 0.0112875, 0.0128552, -0.00430843, 0.999908, -0.260669, 0.965399, 0.00751072, -0.37776, 0.753934, 41.5015 )

[node name="AnimationPlayer" parent="." index="1"]
autoplay = "MutantWalking"

[connection signal="animation_finished" from="AnimationPlayer" to="." method="_on_AnimationPlayer_animation_finished"]
