[gd_scene load_steps=14 format=2]

[ext_resource path="res://scenes/EnemyMesh1.tscn" type="PackedScene" id=1]
[ext_resource path="res://scenes/Level3Giant.gd" type="Script" id=2]
[ext_resource path="res://addons/follow_bone_3d/FollowBone3D.gd" type="Script" id=3]
[ext_resource path="res://addons/godot-xr-tools/objects/Object_climbable.tscn" type="PackedScene" id=4]

[sub_resource type="CapsuleShape" id=1]
radius = 0.153878
height = 0.541071

[sub_resource type="CapsuleShape" id=5]
radius = 7.0
height = 25.0

[sub_resource type="SphereShape" id=2]
radius = 12.0

[sub_resource type="SphereShape" id=6]
radius = 7.0

[sub_resource type="SphereShape" id=7]
radius = 7.0

[sub_resource type="BoxShape" id=3]
extents = Vector3( 6, 10, 1 )

[sub_resource type="SphereShape" id=4]
radius = 5.0

[sub_resource type="CapsuleShape" id=8]
radius = 4.0
height = 10.0

[sub_resource type="CapsuleShape" id=9]
radius = 4.0
height = 7.0

[node name="Level3Giant" type="KinematicBody"]
collision_layer = 2
collision_mask = 0
axis_lock_motion_y = true
move_lock_y = true
script = ExtResource( 2 )
enemy_alert_range = 30

[node name="EnemyMesh1" parent="." instance=ExtResource( 1 )]

[node name="BoneAttachment" parent="EnemyMesh1/Node2/Skeleton" index="0"]
transform = Transform( -0.995243, -0.0957259, -0.0181192, -0.0173523, -0.00883734, 0.99981, -0.0958679, 0.995368, 0.00713438, -16.3137, 0.753551, 10.2391 )

[node name="BoneAttachment2" parent="EnemyMesh1/Node2/Skeleton" index="1"]
transform = Transform( 1, 0, 0, 0, 1, -7.45058e-09, 0, 7.45058e-09, 1, -2.28882e-05, 155.061, -0.921187 )

[node name="BoneAttachment3" parent="EnemyMesh1/Node2/Skeleton" index="2"]
transform = Transform( 0.578607, 0.722656, -0.37813, 0.0584391, -0.49916, -0.864537, -0.81351, 0.47813, -0.331049, 76.5147, 137.239, 3.70686 )

[node name="BoneAttachment4" parent="EnemyMesh1/Node2/Skeleton" index="3"]
transform = Transform( 0.208093, 0.942386, -0.261929, 0.0990295, -0.286714, -0.952884, -0.973083, 0.17235, -0.152987, 85.0112, 139.779, 2.10958 )

[node name="BoneAttachment5" parent="EnemyMesh1/Node2/Skeleton" index="4"]
transform = Transform( 0.0896399, 0.975749, -0.199694, 0.108108, -0.208849, -0.971954, -0.99009, 0.0655376, -0.124207, 86.1193, 140.178, -0.9748 )

[node name="BoneAttachment6" parent="EnemyMesh1/Node2/Skeleton" index="5"]
transform = Transform( 0.0453271, 0.973432, -0.224446, 0.111082, -0.228195, -0.967258, -0.992777, 0.0189111, -0.118475, 85.2084, 140.315, -3.59245 )

[node name="BoneAttachment7" parent="EnemyMesh1/Node2/Skeleton" index="6"]
transform = Transform( -0.0128688, 0.936814, -0.349592, 0.114647, -0.345933, -0.931228, -0.993323, -0.0520635, -0.102951, 83.5657, 140.528, -5.99331 )

[node name="BoneAttachment8" parent="EnemyMesh1/Node2/Skeleton" index="7"]
transform = Transform( 0.574626, -0.757332, 0.310249, -0.0537491, -0.413187, -0.909059, 0.81665, 0.505693, -0.278134, -76.6081, 137.217, 3.74 )

[node name="BoneAttachment9" parent="EnemyMesh1/Node2/Skeleton" index="8"]
transform = Transform( 0.163314, -0.960085, 0.227081, -0.09726, -0.244718, -0.964704, 0.981768, 0.135464, -0.133344, -85.1695, 139.739, 2.02513 )

[node name="BoneAttachment10" parent="EnemyMesh1/Node2/Skeleton" index="9"]
transform = Transform( 0.0996362, -0.975412, 0.196579, -0.102076, -0.20654, -0.973099, 0.989774, 0.07689, -0.120145, -86.0567, 140.21, -0.939237 )

[node name="BoneAttachment11" parent="EnemyMesh1/Node2/Skeleton" index="10"]
transform = Transform( 0.0129512, -0.981151, 0.192808, -0.107911, -0.193069, -0.975233, 0.994076, -0.00817546, -0.108378, -85.1654, 140.262, -3.65283 )

[node name="BoneAttachment12" parent="EnemyMesh1/Node2/Skeleton" index="11"]
transform = Transform( -0.0134012, -0.951166, 0.308389, -0.109522, -0.305165, -0.945981, 0.993894, -0.0464524, -0.100084, -83.5483, 140.546, -5.97934 )

[node name="BoneAttachment13" parent="EnemyMesh1/Node2/Skeleton" index="12"]
transform = Transform( -0.995309, 0.0953247, 0.016514, 0.015749, -0.00877246, 0.999837, 0.0954541, 0.995408, 0.00723004, 16.3136, 0.75387, 10.2162 )

[node name="EnemyCollisionShape" type="CollisionShape" parent="."]
transform = Transform( 1, 0, 0, 0, -4.37114e-08, -1, 0, 1, -4.37114e-08, 0, 0.210951, 0 )
shape = SubResource( 1 )

[node name="Object_climbable" parent="EnemyCollisionShape" instance=ExtResource( 4 )]
collision_layer = 2
collision_mask = 0

[node name="CollisionShape" parent="EnemyCollisionShape/Object_climbable" index="0"]
shape = SubResource( 1 )

[node name="RLegFollowBone3D" type="Position3D" parent="."]
transform = Transform( 0.00996824, 0.000796357, 1.01648e-05, 0.000795089, -0.00994336, -0.000705321, -4.60615e-05, 0.000703889, -0.00997509, 0.118213, -0.368527, 0.0292457 )
script = ExtResource( 3 )
skeleton = NodePath("../EnemyMesh1/Node2/Skeleton")
selected_bone = 2

[node name="Object_climbable" parent="RLegFollowBone3D" instance=ExtResource( 4 )]
transform = Transform( 1, -1.39698e-09, -5.23869e-09, 1.24855e-08, -2.98023e-08, -1, 1.86265e-09, 1, -5.21541e-08, 0.270116, -3.37802, -0.239616 )
collision_layer = 2
collision_mask = 0

[node name="CollisionShape" parent="RLegFollowBone3D/Object_climbable" index="0"]
shape = SubResource( 5 )

[node name="LLegFollowBone3D" type="Position3D" parent="."]
transform = Transform( 0.00996823, -0.000796468, -4.23592e-06, -0.000794885, -0.00994477, -0.000685265, 5.03666e-05, 0.000683424, -0.00997649, -0.118213, -0.368527, 0.0293961 )
script = ExtResource( 3 )
skeleton = NodePath("../EnemyMesh1/Node2/Skeleton")
selected_bone = 49

[node name="Object_climbable" parent="LLegFollowBone3D" instance=ExtResource( 4 )]
transform = Transform( 1, 0, -8.17818e-09, 8.26549e-09, -3.72529e-08, -1, -4.65661e-10, 1, -5.21541e-08, -0.130818, -1.63666, -0.112777 )
collision_layer = 2
collision_mask = 0

[node name="CollisionShape" parent="LLegFollowBone3D/Object_climbable" index="0"]
transform = Transform( 1, 0, -8.17818e-09, 4.65661e-10, 1, -7.45058e-09, -8.03266e-09, 0, 1, 0, 0, 0 )
shape = SubResource( 5 )

[node name="HeadFollowBone3D" type="Position3D" parent="."]
transform = Transform( -0.01, 6.51351e-18, 8.74228e-10, 0, 0.01, -7.45058e-11, -8.74228e-10, -7.45058e-11, -0.01, -3.17988e-09, 0.663967, 0.0363735 )
script = ExtResource( 3 )
skeleton = NodePath("../EnemyMesh1/Node2/Skeleton")
selected_bone = 9

[node name="Object_climbable" parent="HeadFollowBone3D" instance=ExtResource( 4 )]
transform = Transform( 1, 0, 0, 0, 1, 0, 0, 0, 1, 3.15989e-07, 10.9545, 3.61449 )
collision_layer = 2
collision_mask = 0

[node name="CollisionShape" parent="HeadFollowBone3D/Object_climbable" index="0"]
shape = SubResource( 2 )

[node name="RShoulderFollowBone3D" type="Position3D" parent="."]
transform = Transform( 0.000730872, 0.00995161, -0.00065674, 0.00108274, -0.000733784, -0.00991409, -0.00991431, 0.000653483, -0.00113113, 0.186851, 0.54547, 0.0552235 )
script = ExtResource( 3 )
skeleton = NodePath("../EnemyMesh1/Node2/Skeleton")
selected_bone = 30

[node name="Object_climbable" parent="RShoulderFollowBone3D" instance=ExtResource( 4 )]
collision_layer = 2
collision_mask = 0

[node name="CollisionShape" parent="RShoulderFollowBone3D/Object_climbable" index="0"]
transform = Transform( 1, 0, -1.49012e-08, -2.98023e-08, 1, 3.72529e-09, -1.49012e-08, 5.58794e-09, 1, -0.22296, -0.441566, 1.6991 )
shape = SubResource( 6 )

[node name="LShoulderFollowBone3D" type="Position3D" parent="."]
transform = Transform( 0.000669562, -0.00995561, 0.000661438, -0.00112591, -0.000734081, -0.00990926, 0.00991383, 0.000589013, -0.00117007, -0.186851, 0.54547, 0.0569666 )
script = ExtResource( 3 )
skeleton = NodePath("../EnemyMesh1/Node2/Skeleton")
selected_bone = 11

[node name="Object_climbable" parent="LShoulderFollowBone3D" instance=ExtResource( 4 )]
transform = Transform( 1, -7.45058e-09, -2.23517e-08, -1.11759e-08, 1, 8.84756e-09, -4.47035e-08, -2.8871e-08, 0.999999, 0.295202, -0.595472, 2.20145 )
collision_layer = 2
collision_mask = 0

[node name="CollisionShape" parent="LShoulderFollowBone3D/Object_climbable" index="0"]
shape = SubResource( 7 )

[node name="RHandFollowBone3D" type="Position3D" parent="."]
transform = Transform( -0.000996361, 0.00975413, -0.00196579, -0.00102076, -0.0020654, -0.00973099, -0.00989774, -0.000768899, 0.00120145, 0.860567, 0.515461, 0.036554 )
script = ExtResource( 3 )
skeleton = NodePath("../EnemyMesh1/Node2/Skeleton")
selected_bone = 41

[node name="Object_climbable" parent="RHandFollowBone3D" instance=ExtResource( 4 )]
collision_layer = 2
collision_mask = 0

[node name="CollisionShape" parent="RHandFollowBone3D/Object_climbable" index="0"]
transform = Transform( 0.999999, -4.47035e-08, 7.45058e-09, 2.23517e-08, 1, -4.00469e-08, -1.49012e-08, 8.3819e-09, 0.999999, -0.0709229, -8.43471, 1.79771 )
shape = SubResource( 3 )

[node name="CollisionShape2" type="CollisionShape" parent="RHandFollowBone3D/Object_climbable"]
transform = Transform( 1, -2.98023e-08, 7.45058e-09, 1.49012e-08, 1, -1.39698e-08, -1.49012e-08, 4.65661e-09, 1, 0.810205, -7.93169, 1.59851 )
shape = SubResource( 4 )

[node name="LHandFollowBone3D" type="Position3D" parent="."]
transform = Transform( -0.0008964, -0.00975749, 0.00199694, 0.00108108, -0.00208849, -0.00971954, 0.0099009, -0.000655377, 0.00124207, -0.861193, 0.515139, 0.0369095 )
script = ExtResource( 3 )
skeleton = NodePath("../EnemyMesh1/Node2/Skeleton")
selected_bone = 22

[node name="Object_climbable" parent="LHandFollowBone3D" instance=ExtResource( 4 )]
collision_layer = 2
collision_mask = 0

[node name="CollisionShape" parent="LHandFollowBone3D/Object_climbable" index="0"]
transform = Transform( 1, 7.45058e-09, -2.23517e-08, -7.45058e-09, 1, 2.79397e-09, -1.49012e-08, -3.63216e-08, 1, -0.564554, -6.14529, 1.25768 )
shape = SubResource( 3 )

[node name="CollisionShape2" type="CollisionShape" parent="LHandFollowBone3D/Object_climbable"]
transform = Transform( 1, 7.45058e-09, -2.23517e-08, -7.45058e-09, 1, 2.79397e-09, -1.49012e-08, -3.63216e-08, 1, -0.714821, -7.78097, 1.59243 )
shape = SubResource( 4 )

[node name="LAnkleFollowBone3D" type="Position3D" parent="."]
transform = Transform( 0.00996235, -0.000700376, 0.000510884, -0.000817668, -0.00563359, 0.00822156, -0.000288008, -0.00823238, -0.00566965, -0.151803, -0.787935, 0.0582186 )
script = ExtResource( 3 )
skeleton = NodePath("../EnemyMesh1/Node2/Skeleton")
selected_bone = 50

[node name="Object_climbable" parent="LAnkleFollowBone3D" instance=ExtResource( 4 )]
transform = Transform( 1, 3.72529e-09, 1.86265e-09, 2.23517e-08, -5.96046e-08, -1, 1.11759e-08, 1, -2.98023e-08, 0.43182, 4.94352, -1.6435 )
collision_layer = 2
collision_mask = 0

[node name="CollisionShape" parent="LAnkleFollowBone3D/Object_climbable" index="0"]
transform = Transform( 1, 1.86265e-09, 3.72529e-09, 0, 1, -2.98023e-08, 0, 0, 1, 0, 0, 0 )
shape = SubResource( 8 )

[node name="FollowBone3D" type="Position3D" parent="."]
transform = Transform( 0.00996238, 0.000697031, -0.00051484, 0.000818105, -0.00560673, 0.00823986, 0.000285687, -0.00825098, -0.00564267, 0.151803, -0.787935, 0.0589355 )
script = ExtResource( 3 )
skeleton = NodePath("../EnemyMesh1/Node2/Skeleton")
selected_bone = 3

[node name="Object_climbable" parent="FollowBone3D" instance=ExtResource( 4 )]
transform = Transform( 1, -3.72529e-09, -1.30385e-08, 3.72529e-08, -5.96046e-08, -0.999999, 1.11759e-08, 1, 1.49012e-07, -0.145351, 0.897831, -1.59704 )
collision_layer = 2
collision_mask = 0

[node name="CollisionShape" parent="FollowBone3D/Object_climbable" index="0"]
transform = Transform( 1, 0, -7.45058e-09, 2.04891e-08, 1, 5.96046e-08, -1.67638e-08, 0, 1, 0, 0, -3.781 )
shape = SubResource( 9 )

[editable path="EnemyMesh1"]
[editable path="EnemyCollisionShape/Object_climbable"]
[editable path="RLegFollowBone3D/Object_climbable"]
[editable path="LLegFollowBone3D/Object_climbable"]
[editable path="HeadFollowBone3D/Object_climbable"]
[editable path="RShoulderFollowBone3D/Object_climbable"]
[editable path="LShoulderFollowBone3D/Object_climbable"]
[editable path="RHandFollowBone3D/Object_climbable"]
[editable path="LHandFollowBone3D/Object_climbable"]
[editable path="LAnkleFollowBone3D/Object_climbable"]
[editable path="FollowBone3D/Object_climbable"]
